C1=CC=CC=C1 3|4|5|0|1|2
C=C 1|0
C#C 1|0
C1=CC=C2C=CC=CC2=C1 5|6|7|8|9|0|1|2|3|4
C#N 0|1
c1ccc(-c2ccccc2)cc1 7|6|5|4|3|2|1|0|11|10|9|8
c1cccc2nsnc12 3|2|1|0|8|7|6|5|4
c1ccnc(-c2ccccn2)c1 9|8|7|6|5|4|3|2|1|0|11|10
c1cccs1 2|3|0|1|4
N=N 1|0
c1ccc2ccc3cccc4ccc1c2c43 7|8|9|10|11|12|13|0|1|2|3|4|5|6|15|14
C#CC#C 3|2|1|0
c1ccncc1 0|4|5|3|1|2
C1NC=CC=1 3|1|4|0|2
c1ccc2ccc3cccnc3c2n1 9|8|7|6|5|4|3|2|1|0|13|12|11|10
N1C(=O)c2ccc3c4c(ccc(c24)C1=O)C(=O)NC3=O 17|15|16|8|9|10|11|12|3|4|5|6|7|18|19|1|2|0|13|14
c1cc2sccc2s1 4|5|6|7|0|1|2|3
c1nc2cc3scnc3cc2s1 6|7|8|9|10|11|0|1|2|3|4|5
c1ccc(-c2cccs2)s1 7|6|5|4|3|2|1|0|9|8
c1cc2c3c(c1)c(=O)c(=O)c1cccc(c1-3)c(=O)c2=O 12|11|10|15|14|13|16|17|18|19|2|1|0|5|4|3|6|7|8|9
C1=CC=CC1 2|3|0|1|4
C1=CN=CC=N1 3|4|5|0|1|2
C(=O)1C=CC=CC1=O 6|7|4|5|2|3|0|1